4
4
1
5
4
1
6
4
1
7
4
1
8
2
1
8
3
1
8
4
1
8
5
1
8
6
1
8
7
1
8
8
1
8
9
1
8
10
1
8
11
1
8
12
1
9
4
1
10
4
1
11
4
1
12
4
1
13
4
1
12
6
0
12
7
0
12
8
0
12
9
0
13
6
0
13
9
0
13
10
0
13
11
0
13
12
0
13
13
0
14
6
0
14
7
0
14
8
0
14
9
0
3
8
3
3
11
3
4
5
3
4
6
3
4
7
3
4
8
3
4
9
3
4
10
3
4
11
3
4
12
3
4
13
3
5
4
3
5
5
3
5
6
3
5
7
3
5
8
3
5
9
3
5
10
3
5
11
3
5
12
3
5
13
3
6
4
3
6
5
3
6
6
3
6
7
3
6
11
3
6
12
3
6
13
3
7
9
3
7
10
3
7
11
3
7
12
3
7
13
3
8
7
3
8
8
3
8
9
3
8
10
3
8
11
3
8
12
3
9
6
3
9
7
3
9
8
3
9
9
3
9
10
3
9
11
3
9
12
3
9
13
3
10
5
3
10
6
3
10
7
3
10
8
3
10
9
3
10
11
3
10
12
3
10
13
3
11
11
3
11
12
3
11
13
3
12
11
3
12
12
3
12
13
3
12
19
3
13
5
3
13
6
3
13
7
3
13
8
3
13
9
3
13
10
3
13
11
3
13
12
3
13
13
3
13
19
3
14
5
3
14
6
3
14
7
3
14
8
3
14
9
3
14
10
3
14
11
3
14
12
3
15
6
3
15
7
3
15
8
3
15
9
3
15
10
3
19
8
3
19
9
3
19
10
3
3
8
3
3
11
3
4
5
3
4
6
3
4
7
3
4
8
3
4
9
3
4
10
3
4
11
3
4
12
3
4
13
3
5
4
3
5
5
3
5
6
3
5
7
3
5
8
3
5
9
3
5
10
3
5
11
3
5
12
3
5
13
3
6
4
3
6
5
3
6
6
3
6
7
3
6
11
3
6
12
3
6
13
3
7
9
3
7
10
3
7
11
3
7
12
3
7
13
3
8
7
3
8
8
3
8
9
3
8
10
3
8
11
3
8
12
3
9
6
3
9
7
3
9
8
3
9
9
3
9
10
3
9
11
3
9
12
3
9
13
3
10
5
3
10
6
3
10
7
3
10
8
3
10
9
3
10
11
3
10
12
3
10
13
3
11
11
3
11
12
3
11
13
3
12
11
3
12
12
3
12
13
3
12
19
3
13
5
3
13
6
3
13
7
3
13
8
3
13
9
3
13
10
3
13
11
3
13
12
3
13
13
3
13
19
3
14
5
3
14
6
3
14
7
3
14
8
3
14
9
3
14
10
3
14
11
3
14
12
3
15
6
3
15
7
3
15
8
3
15
9
3
15
10
3
19
8
3
19
9
3
19
10
3
