[0, 0, 0, 1, 0, 1]
[0, 0, 0, 0, 0, 0]
[0, 0, 1, 0, 0, 1]
[1, 0, 0, 1, 1, 3]
[1, 0, 0, 1, 1, 2]
[1, 0, 0, 1, 1, 1]
[1, 0, 0, 0, 1, 0]
[1, 0, 1, 0, 1, 1]
[1, 0, 1, 0, 1, 2]
[1, 0, 1, 0, 1, 3]
[1, 0, 0, 1, 2, 4]
[1, 0, 0, 1, 2, 3]
[1, 0, 0, 1, 2, 2]
[1, 0, 1, 0, 2, 2]
[1, 0, 1, 0, 2, 3]
[1, 0, 1, 0, 2, 4]
[1, 0, 0, 1, 3, 5]
[1, 0, 0, 1, 3, 4]
[1, 0, 0, 1, 3, 3]
[1, 0, 1, 0, 3, 3]
[1, 0, 1, 0, 3, 4]
[1, 0, 0, 1, 4, 5]
[1, 0, 0, 1, 4, 4]
[1, 0, 0, 1, 4, 3]
[1, 0, 1, 0, 4, 3]
[1, 0, 1, 0, 4, 4]
[1, 0, 1, 0, 4, 5]
[1, 0, 0, 1, 5, 5]
[1, 0, 0, 1, 5, 4]
[1, 0, 0, 1, 5, 3]
[1, 0, 1, 0, 5, 3]
[1, 0, 1, 0, 5, 4]
[1, 0, 1, 0, 5, 5]
[1, 0, 0, 1, 6, 5]
[1, 0, 0, 1, 6, 4]
[1, 0, 0, 1, 6, 3]
[1, 0, 1, 0, 6, 3]
[1, 0, 1, 0, 6, 4]
[1, 0, 1, 0, 6, 5]
[1, 0, 0, 1, 7, 5]
[1, 0, 0, 1, 7, 4]
[1, 0, 0, 1, 7, 3]
[1, 0, 1, 0, 7, 3]
[1, 0, 1, 0, 7, 4]
[1, 0, 0, 1, 8, 5]
[1, 0, 0, 1, 8, 4]
[1, 0, 0, 1, 8, 3]
[1, 0, 1, 0, 8, 3]
[1, 0, 1, 0, 8, 4]
[1, 0, 0, 1, 9, 4]
[1, 0, 0, 1, 9, 3]
[1, 0, 0, 1, 9, 2]
[1, 0, 1, 0, 9, 2]
[1, 0, 1, 0, 9, 3]
[1, 0, 1, 0, 9, 4]
[1, 0, 0, 1, 10, 3]
[1, 0, 0, 1, 10, 2]
[1, 0, 0, 1, 10, 1]
[1, 0, 0, 0, 10, 0]
[1, 0, 1, 0, 10, 1]
[1, 0, 1, 0, 10, 2]
[1, 0, 1, 0, 10, 3]
[1, 0, 0, 1, 11, 1]
[1, 0, 0, 0, 11, 0]
